10,26
10,152
10,298
10,220
10,126
10,192
10,258
10,100
11,20
11,22
11,11
11,12
11,21
9,4
9,6
8,16
8,12
8,17
8,9
20,3
20,2
20,1
19,3
19,2
19,1
12,3
12,2
12,1
11,23
11,18
11,13
11,10
11,8
11,3
11,2
11,1
10,235
10,231
10,227
10,223
10,205
10,117
10,65
18,1
18,3
14,1
14,5
14,3
13,1
13,3
10,29
10,3
10,2
10,1
9,7
9,5
9,3
9,2
9,1
8,15
8,13
8,10
8,7
8,5
8,3
8,2
8,1
3,3
3,2
3,1
2,5
2,4
2,3
2,2
2,1
2,0
0,318
0,0
36,34
36,33
36,32
36,31
36,30
36,29
36,28
36,27
36,26
36,25
36,24
36,23
36,22
36,21
36,20
36,19
36,18
36,17
36,16
36,15
